SNP	Chr	Pos	P
rs629301	1	109818306	9.699999999999998e-171
rs646776	1	109818530	4.5299999999999983e-169
rs12740374	1	109817590	1.5599999999999994e-168
rs599839	1	109822166	2.9399999999999986e-168
rs660240	1	109817838	8.769999999999997e-165
rs602633	1	109821511	4.929999999999998e-164
rs4420638	19	45422946	8.719999999999998e-147
rs4970834	1	109814880	5.2499999999999987e-126
rs6511720	19	11202306	4.279999999999999e-117
rs1367117	2	21263900	4.479999999999999e-114
rs6857	19	45392254	1.6199999999999997e-110
rs2075650	19	45395619	3.759999999999999e-110
rs515135	2	21286057	3.139999999999999e-109
rs563290	2	21288226	1.6899999999999994e-108
rs562338	2	21288321	1.8699999999999996e-105
rs541041	2	21294975	2.4099999999999997e-105
rs611917	1	109815252	1.2399999999999997e-103
rs668948	2	21291529	2.8599999999999993e-103
rs10199768	2	21244000	1.7399999999999995e-101
rs1531517	19	45242173	4.2099999999999995e-99
rs581411	2	21289432	6.859999999999999e-99
rs7575840	2	21273490	1.6699999999999996e-98
rs6548010	2	21277922	9.159999999999998e-98
rs1367115	2	21282015	2.3199999999999996e-95
rs934198	2	21278773	2.9699999999999992e-95
rs7590135	2	21282902	4.7499999999999987e-95
rs952275	2	21221399	1.1499999999999997e-94
rs4803750	19	45247627	1.9499999999999996e-94
rs1469513	2	21259562	3.8599999999999995e-94
rs6726115	2	21281097	8.979999999999999e-94
rs4665492	2	21294039	4.339999999999999e-92
rs1713222	2	21271323	8.169999999999999e-92
rs7567217	2	21303470	1.9299999999999998e-91
rs585967	2	21270554	4.849999999999999e-91
rs6657811	1	109807283	1.7399999999999996e-90
rs568938	2	21303616	6.519999999999997e-90
rs395908	19	45373565	1.4799999999999999e-89
rs7254892	19	45389596	3.18e-89
rs693	2	21232195	3.52e-89
rs1367113	2	21295832	4.629999999999999e-89
rs531819	2	21263639	9.623e-89
rs478588	2	21297149	4.888999999999999e-88
rs614303	2	21313577	5.893999999999999e-87
rs11693775	2	21296546	6.243999999999999e-85
rs483436	2	21390407	1.0919999999999998e-84
rs1367119	2	21386375	1.836e-83
rs1897083	2	21297051	2.7789999999999994e-83
rs1712250	2	21386058	4.005999999999999e-83
rs17399838	2	21368217	4.1279999999999994e-83
rs560844	2	21389108	8.844999999999999e-83
rs13392272	2	21217490	1.1149999999999998e-82
rs2337383	2	21320516	1.2459999999999998e-82
rs527034	2	21382786	1.973e-82
rs506585	2	21397182	2.2139999999999995e-82
rs563696	2	21389430	2.3619999999999993e-82
rs522250	2	21387113	2.751e-82
rs576203	2	21393623	3.1729999999999993e-82
rs11693870	2	21320250	3.736e-82
rs17395333	2	21323369	4e-82
rs11687710	2	21371068	4.090999999999999e-82
rs478442	2	21399216	4.303999999999999e-82
rs4591370	2	21383742	7.785999999999998e-82
rs501863	2	21390000	8.809999999999999e-82
rs541569	2	21398768	9.260999999999998e-82
rs531380	2	21397561	1.077e-81
rs532225	2	21397637	1.1379999999999997e-81
rs480787	2	21390169	1.193e-81
rs540439	2	21391978	1.432e-81
rs560408	2	21398379	1.4909999999999998e-81
rs1652419	2	21385649	1.8529999999999996e-81
rs1652416	2	21396609	1.8739999999999998e-81
rs494465	2	21401010	1.895e-81
rs483621	2	21397035	2.0049999999999997e-81
rs544039	2	21398985	2.1709999999999996e-81
rs312985	2	21378805	2.1859999999999993e-81
rs2115838	2	21350324	2.5309999999999993e-81
rs532300	2	21381608	6.039999999999999e-81
rs2878956	2	21350346	6.459999999999999e-81
rs486139	2	21390674	7.39e-81
rs1429974	2	21300770	7.600999999999999e-81
rs157580	19	45395266	8.625999999999999e-81
rs486246	2	21406751	9.68e-81
rs1652418	2	21388456	1.1499999999999997e-80
rs563280	2	21392153	1.1689999999999999e-80
rs11673790	2	21299195	1.1979999999999997e-80
rs574461	2	21400013	1.429e-80
rs4560142	2	21383717	1.8999999999999995e-80
rs494315	2	21400950	2.389e-80
rs538928	2	21389019	2.8899999999999997e-80
rs2228671	19	11210912	3.3449999999999995e-80
rs578095	2	21393866	3.433999999999999e-80
rs754523	2	21311691	3.583e-80
rs1367120	2	21386304	4.678999999999999e-80
rs488507	2	21393689	4.8359999999999995e-80
rs6708168	2	21301641	4.996999999999999e-80
rs538528	2	21391740	5.252e-80
rs480732	2	21390149	8.194999999999999e-80
rs507616	2	21397321	1.3239999999999998e-79
rs17399144	2	21305685	1.714e-79
rs312944	2	21325188	1.9779999999999998e-79
rs4665176	2	21305853	2.4089999999999995e-79
rs6761300	2	21306974	4.618999999999999e-79
rs10221876	2	21419809	5.2629999999999997e-79
rs1712247	2	21383951	1.2059999999999997e-78
rs570033	2	21399567	3.8659999999999994e-78
rs522963	2	21386957	4.844999999999999e-78
rs529697	2	21387948	5.732999999999998e-78
rs554414	2	21394892	8.002999999999998e-78
rs556504	2	21395261	1.2669999999999997e-77
rs1652417	2	21396517	1.2689999999999996e-77
rs1712251	2	21396551	1.7049999999999998e-77
rs561850	2	21395805	1.972e-77
rs553523	2	21394798	3.139999999999999e-77
rs312970	2	21369815	3.699999999999999e-77
rs1878512	2	21420358	5.1859999999999995e-77
rs17041988	2	21420697	5.853999999999999e-77
rs559967	2	21395598	8.017999999999998e-77
rs473269	2	21395830	8.045999999999998e-77
rs548506	2	21385541	2.0219999999999993e-76
rs479545	2	21389897	2.3409999999999994e-76
rs496100	2	21394614	2.868e-76
rs504616	2	21414020	5.599999999999999e-76
rs477146	2	21396334	7.577999999999998e-76
rs7578527	2	21422403	1.1769999999999997e-75
rs1985096	19	45346551	1.5059999999999997e-75
rs1652421	2	21383848	1.5579999999999996e-75
rs12714264	2	21265518	3.395999999999999e-75
rs10169543	2	21423989	6.427999999999999e-75
rs12712940	2	21426743	2.9189999999999996e-74
rs754524	2	21311541	4.043999999999999e-74
rs4803760	19	45333834	1.1299999999999998e-73
rs17042000	2	21422928	1.753e-73
rs1652420	2	21383881	3.018e-73
rs12721109	19	45447221	1.0829999999999999e-72
rs11668477	19	11195030	1.8589999999999996e-68
rs4803763	19	45357291	5.1129999999999995e-67
rs9305020	19	11186711	1.0539999999999999e-66
rs672569	1	109827253	2.184e-64
rs10402271	19	45329214	6.182999999999999e-63
rs7359852	19	45336035	1.9909999999999996e-62
rs2927480	19	45337385	2.4039999999999997e-62
rs445925	19	45415640	6.844e-60
rs7528419	1	109817192	2.088e-59
rs4635554	2	21389659	6.608e-58
rs3208856	19	45296806	8.001e-58
rs312051	2	21429055	1.2449999999999999e-57
rs365946	2	21439329	1.816e-57
rs520861	2	21387239	3.158e-57
rs567071	2	21405790	9.195e-57
rs453862	2	21450714	2.487e-56
rs478148	2	21402981	5.957000000000001e-56
rs312939	2	21409548	6.2739999999999995e-56
rs535713	2	21414072	1.43e-55
rs503662	2	21414142	1.96e-55
rs428696	2	21448607	2.565e-55
rs380240	2	21446653	6.315e-55
rs367162	2	21444779	1.2289999999999999e-54
rs432483	2	21450349	5.462999999999998e-52
rs97458	2	21327635	1.063e-51
rs283813	19	45389174	1.4299999999999996e-48
rs312052	2	21428185	1.4819999999999998e-48
rs4299376	2	44072576	1.7289999999999997e-47
rs6544713	2	44073881	2.365e-47
rs519113	19	45376284	2.2489999999999998e-46
rs13398007	2	21469336	3.5450000000000005e-46
rs13387827	2	21469152	3.662e-46
rs4245791	2	44074431	2.979e-45
rs10166144	2	21453733	3.052e-45
rs12916	5	74656539	5.124e-45
rs8110695	19	11206530	6.435e-45
rs312029	2	21461730	7.932999999999999e-45
rs3843480	5	74624482	9.569e-45
rs12654264	5	74648603	2.4539999999999997e-44
rs7703051	5	74625487	4.571e-44
rs10045497	5	74636484	4.666000000000001e-44
rs387976	19	45379060	5.282e-44
rs3843481	5	74628375	7.204e-43
rs11096689	2	21140540	1.048e-42
rs2878417	5	74617262	1.0709999999999998e-42
rs11749783	5	74626082	1.105e-42
rs3846663	5	74655726	1.759e-42
rs1423527	5	74602699	2.144e-42
rs10183198	2	21470987	5.6820000000000006e-42
rs6871667	5	74604742	7.327999999999999e-42
rs520354	2	21259612	7.758999999999999e-42
rs7259004	19	45432557	2.5879999999999995e-41
rs4952688	2	44096770	2.613e-40
rs6755809	2	44096336	3.253e-40
rs6544717	2	44096402	7.592e-40
rs11903224	2	21431361	1.8459999999999998e-39
rs4603816	2	44092066	2.3359999999999998e-39
rs585362	1	109789795	1.263e-38
rs657420	1	109826136	2.3430000000000003e-38
rs949790	2	21449987	4.581999999999999e-38
rs11900894	2	21450264	8.052999999999998e-38
rs13420469	2	21449034	1.6969999999999998e-37
rs17671591	5	74615021	1.8669999999999997e-37
rs10474433	5	74616843	1.882e-37
rs13358429	5	74618186	2.4669999999999996e-37
rs4970833	1	109804646	4.632e-37
rs7605304	2	21445569	4.742e-37
rs11957260	5	74608732	4.76e-37
rs6859	19	45382034	6.1609999999999995e-37
rs5744672	5	74877803	7.195999999999999e-37
rs2335418	5	74603479	1.2090000000000001e-36
rs6689614	1	109807099	1.276e-36
rs6878990	5	74689249	2.299e-36
rs13412147	2	21448887	2.7419999999999998e-36
rs4704223	5	74773420	3.208999999999999e-36
rs4704219	5	74748505	3.923e-36
rs6896136	5	74787310	4.208e-36
rs10056811	5	74605220	5.453999999999999e-36
rs3846662	5	74651084	2.44e-35
rs4704220	5	74757556	2.903e-35
rs4549504	5	74808237	4.96e-35
rs3786722	19	11161537	1.2659999999999998e-34
rs12052201	19	11159096	1.399e-34
rs2965101	19	45237812	2.21e-34
rs5744680	5	74879890	4.303999999999999e-34
rs1079457	2	21449498	1.0899999999999999e-33
rs1122608	19	11163601	1.237e-33
rs2126736	5	74574984	1.4469999999999998e-33
rs4704200	5	74569856	1.6969999999999998e-33
rs5930	19	11224265	2.615e-33
rs12052058	19	11159525	3.143e-33
rs4953023	2	44074000	3.345e-33
rs4605275	19	45338493	3.357e-33
rs4803759	19	45327459	1.933e-32
rs405509	19	45408836	1.058e-31
rs11887534	2	44066247	1.064e-31
rs2287029	19	10916684	3.718e-31
rs11902417	2	21198900	4.079e-31
rs6754295	2	21206183	5.042e-31
rs4564803	2	21205502	5.4909999999999995e-31
rs12609863	19	11167219	6.631e-31
rs436566	2	21451604	1.044e-30
rs17395512	2	21346556	1.06e-30
rs6728178	2	21193946	1.488e-30
rs7557067	2	21208211	1.629e-30
rs11881156	19	10950125	3.115e-30
rs6725189	2	21219001	4.83e-30
rs4371387	2	21221133	5.13e-30
rs688	19	11227602	8.118e-30
rs2965157	19	45176340	1.562e-29
rs2738452	19	11229218	1.6489999999999998e-29
rs13354746	5	74619132	1.685e-29
rs17035665	1	109813719	2.3079999999999999e-29
rs2954022	8	126482621	2.5909999999999997e-29
rs2980875	8	126481747	2.826e-29
rs590502	1	109835387	2.962e-29
rs4803770	19	45427353	3.272e-29
rs6756501	2	21218805	3.4179999999999997e-29
rs11673889	2	21104631	3.8539999999999996e-29
rs2954029	8	126490972	5.359e-29
rs2738446	19	11227326	5.384e-29
rs6544366	2	21204025	6.056e-29
rs17321515	8	126486409	6.736e-29
rs6982636	8	126479315	8.999e-29
rs10184054	2	21203877	9.328e-29
rs2954021	8	126482077	1.226e-28
rs2980882	8	126480700	1.294e-28
rs2479409	1	55504650	1.931e-28
rs6413504	19	11241915	1.9969999999999996e-28
rs2001844	8	126478745	2.105e-28
rs2980853	8	126478350	2.3500000000000003e-28
rs2337381	2	21186121	2.5380000000000004e-28
rs34341	5	74934009	3.11e-28
rs13014768	2	21514796	3.191999999999999e-28
rs2954019	8	126477759	3.401e-28
rs17397667	2	21184847	3.5399999999999997e-28
rs2980854	8	126477497	3.603e-28
rs4665788	2	21188488	4.159e-28
rs918623	5	74596682	4.568999999999999e-28
rs2980856	8	126476379	5.187e-28
rs17584208	1	109833187	7.727000000000001e-28
rs17645031	1	109834938	7.893e-28
rs2980855	8	126477476	1.026e-27
rs11881315	19	10909953	1.118e-27
rs938848	2	21196847	1.287e-27
rs10495712	2	21196112	1.701e-27
rs2980869	8	126488250	2.1100000000000004e-27
rs4804144	19	11236180	2.1760000000000002e-27
rs11685356	2	21197159	2.444e-27
rs2954031	8	126491733	2.697e-27
rs17111503	1	55503448	3.259e-27
rs2980871	8	126488930	5.384e-27
rs12720828	2	21241744	6.874e-27
rs9306897	2	21138066	8.53e-27
rs10808546	8	126495818	1.1259999999999999e-26
rs655246	1	109832283	1.2819999999999999e-26
rs964184	11	116648917	1.4730000000000004e-26
rs2052515	5	74571914	1.4780000000000003e-26
rs2965109	19	45225345	2.4630000000000001e-26
rs6982502	8	126479362	2.9569999999999994e-26
rs10858082	1	109798721	3.7860000000000006e-26
rs1551894	5	74570531	4.3259999999999997e-26
rs11880613	19	10903972	4.3880000000000004e-26
rs10062361	5	74565153	4.7919999999999994e-26
rs8099996	19	11174625	7.918e-26
rs4341893	2	21135577	9.936e-26
rs7523242	1	55498949	9.94e-26
rs7258189	19	11169947	1.016e-25
rs6734506	2	21134656	1.272e-25
rs1529729	19	11163562	1.739e-25
rs7525649	1	55499156	1.978e-25
rs6547409	2	21190209	2.8749999999999997e-25
rs7254776	19	45227742	3.137e-25
rs673548	2	21237544	5.845e-25
rs676210	2	21231524	6.372999999999999e-25
rs10207315	2	21196346	7.087999999999999e-25
rs1610095	19	10904689	7.695e-25
rs1042034	2	21225281	8.318e-25
rs12127701	1	109838264	1.095e-24
rs253412	5	74955841	1.4069999999999999e-24
rs2149041	1	55502137	2.4900000000000003e-24
rs6511718	19	11164781	2.6060000000000003e-24
rs2678379	2	21226560	2.991e-24
rs586254	1	109784781	3.089e-24
rs10788994	1	55500976	4.283e-24
rs12232780	19	11132080	4.466e-24
rs16979372	19	45195313	4.493000000000001e-24
rs3786727	19	11168029	5.976e-24
rs3931914	5	74628014	6.95e-24
rs17398765	2	21270751	9.376e-24
rs4804562	19	11147615	1.0289999999999999e-23
rs2182833	1	55500429	1.04e-23
rs688386	1	109784463	1.1000000000000001e-23
rs253411	5	74954633	1.243e-23
rs629001	1	109838918	1.4250000000000003e-23
rs413582	1	109851126	1.6260000000000002e-23
rs1042031	2	21225753	1.8280000000000003e-23
rs8102273	19	11180047	1.877e-23
rs11670205	19	11171281	2.0940000000000002e-23
rs253414	5	74956517	2.3519999999999998e-23
rs12459476	19	11238492	2.615e-23
rs6509170	19	45159636	2.8989999999999994e-23
rs13014683	2	21213126	3.571e-23
rs3791981	2	21245367	3.7240000000000005e-23
rs3749054	2	21237238	3.7270000000000004e-23
rs2927477	19	45313715	3.968e-23
rs579826	2	21261507	4.079e-23
rs4804561	19	11140144	5.517e-23
rs611060	1	109782190	5.905e-23
rs2001945	8	126477978	6.182e-23
rs2165537	19	45133962	7.929e-23
rs10422182	19	45159023	8.071e-23
rs34359	5	74967693	8.188e-23
rs4970843	1	109887191	9.768999999999999e-23
rs3786725	19	11166827	1.088e-22
rs34360	5	74967708	1.2409999999999998e-22
rs42302	5	74965554	1.283e-22
rs1058402	19	45150614	1.443e-22
rs4804554	19	11083210	1.612e-22
rs2000999	16	72108093	1.752e-22
rs17766161	19	11114206	1.804e-22
rs570877	2	21251040	1.828e-22
rs12610607	19	11084994	1.871e-22
rs6882076	5	156390297	1.888e-22
rs287227	1	55656075	2.0669999999999999e-22
rs550619	2	21260601	2.763e-22
rs12611017	19	11065021	3.086e-22
rs40060	5	74967386	4.364e-22
rs10401969	19	19407718	6.6929999999999995e-22
rs649129	9	136154304	7.845e-22
rs8108587	19	45155125	8.815e-22
rs6878680	5	156387137	1.087e-21
rs174583	11	61609750	1.171e-21
rs174550	11	61571478	1.249e-21
rs6711016	2	21123352	1.4039999999999999e-21
rs2272020	19	45150433	1.414e-21
rs17739580	5	74921883	1.6520000000000002e-21
rs174577	11	61604814	1.749e-21
rs174546	11	61569830	1.762e-21
rs1535	11	61597972	1.956e-21
rs495828	9	136154867	2.3439999999999998e-21
rs9293656	5	74925162	2.353e-21
rs579459	9	136154168	2.361e-21
rs174545	11	61569306	2.478e-21
rs1051795	5	74896798	2.599e-21
rs4804147	19	11256285	2.7600000000000005e-21
rs7717505	5	74921896	2.8309999999999997e-21
rs1863934	5	74916872	3.046e-21
rs6861279	5	74919409	3.652e-21
rs16872768	5	74982207	3.951e-21
rs7723531	5	74923321	4.147e-21
rs1004165	19	45232205	4.18e-21
rs651007	9	136153875	4.598e-21
rs4704183	5	74471048	5.0120000000000005e-21
rs1427924	5	74924890	5.216e-21
rs10067641	5	74922978	5.257e-21
rs102275	11	61557803	5.453e-21
rs924452	5	74923956	5.618e-21
rs174537	11	61552680	5.897e-21
rs16996148	19	19658472	5.987e-21
rs2287711	5	74898752	6.0690000000000004e-21
rs7257769	19	11052985	6.6719999999999995e-21
rs10198175	2	21133883	7.043999999999999e-21
rs4246215	11	61564299	7.331e-21
rs174535	11	61551356	7.342e-21
rs11102964	1	109783261	7.599e-21
rs174536	11	61551927	8.058999999999999e-21
rs174541	11	61565908	8.189e-21
rs3794991	19	19610596	8.305e-21
rs174576	11	61603510	8.414e-21
rs4425006	19	10813364	8.53e-21
rs4643493	2	21137425	9.039e-21
rs3213801	5	74877266	1.001e-20
rs2075022	19	11136315	1.079e-20
rs10057967	5	74997756	1.095e-20
rs312046	2	21474487	1.127e-20
rs10417443	19	11129429	1.1330000000000001e-20
rs4703670	5	74660356	1.213e-20
rs1863935	5	74916818	1.357e-20
rs5744601	5	74847416	1.394e-20
rs2878520	5	74914093	1.447e-20
rs3761742	5	74678937	1.5780000000000003e-20
rs312049	2	21475944	1.696e-20
rs3846665	5	74681500	1.788e-20
rs8104483	19	45372354	1.935e-20
rs174601	11	61623140	2.115e-20
rs1003723	19	11224181	2.138e-20
rs6874626	5	74999576	2.2359999999999998e-20
rs698912	5	74681773	2.2450000000000002e-20
rs10038723	5	74717653	2.7500000000000004e-20
rs8106381	19	11042743	2.852e-20
rs533617	2	21233972	3.2289999999999996e-20
rs2878519	5	74914061	3.3e-20
rs2738459	19	11238473	3.494e-20
rs7566040	2	21454424	3.509e-20
rs11206510	1	55496039	5.2249999999999995e-20
rs174549	11	61571382	5.269999999999999e-20
rs174555	11	61579760	5.832000000000001e-20
rs1501908	5	156398169	6.148e-20
rs9332464	5	74921686	6.697999999999999e-20
rs174556	11	61580635	6.747999999999999e-20
rs17216525	19	19662220	7.115e-20
rs4927207	1	55713628	7.734e-20
rs2112347	5	75015242	8.003e-20
rs34358	5	74965122	8.217e-20
rs174548	11	61571348	8.593e-20
rs10075139	5	74725609	8.648e-20
rs174538	11	61560081	9.617000000000001e-20
rs10166647	2	21460176	1.137e-19
rs2229920	19	10939792	1.139e-19
rs11085748	19	10927540	1.1539999999999998e-19
rs174547	11	61570783	1.165e-19
rs312026	2	21459587	1.31e-19
rs2288842	19	11031464	1.3550000000000002e-19
rs3935557	2	21141725	1.3550000000000002e-19
rs2228603	19	19329924	1.418e-19
rs3786721	19	11146499	1.7980000000000002e-19
rs5744533	5	74806104	1.8449999999999999e-19
rs1553318	5	156479323	1.8760000000000002e-19
rs9942407	5	74540187	2.0800000000000002e-19
rs386397	2	21451827	2.16e-19
rs4927206	1	55713094	2.172e-19
rs12610693	19	11139636	2.1819999999999997e-19
rs10066707	5	74560579	2.2399999999999997e-19
rs17216588	19	19664077	2.3539999999999997e-19
rs4368289	2	21135723	2.6350000000000003e-19
rs2304089	19	11024986	2.738e-19
rs679899	2	21250914	3.1320000000000005e-19
rs909802	20	39936815	3.1809999999999997e-19
rs2053065	19	11029314	3.3590000000000003e-19
rs6029609	20	39911385	3.3600000000000003e-19
rs2223745	20	39713869	3.4450000000000003e-19
rs6739502	2	21527036	3.5439999999999997e-19
rs6029526	20	39672618	3.651e-19
rs6072336	20	39925035	3.9450000000000005e-19
rs6065311	20	39724338	3.9639999999999997e-19
rs4704727	5	156380067	4.007e-19
rs1543324	20	39877745	4.0740000000000004e-19
rs1363232	5	156383422	4.255e-19
rs312042	2	21464498	4.577000000000001e-19
rs572512	1	55517344	4.803e-19
rs4297946	20	39811275	4.848e-19
rs4803767	19	45372959	5.416e-19
rs2866611	20	39950805	5.557000000000001e-19
rs4268379	1	109778237	6.118e-19
rs1600073	5	74436737	6.172e-19
rs6029549	20	39754695	6.818e-19
rs6129762	20	39763155	7.054e-19
rs6029592	20	39885181	7.156e-19
rs12117661	1	55487346	7.355e-19
rs1363578	5	74510341	7.484e-19
rs6029552	20	39760448	7.559000000000001e-19
rs6093461	20	39893366	7.5849999999999995e-19
rs4361493	5	74405097	7.916e-19
rs12977506	19	10992724	8.156999999999999e-19
rs4812493	20	39949385	9.004e-19
rs1477937	5	74524837	9.247e-19
rs6065328	20	39899404	9.467e-19
rs12983082	19	11216561	9.575000000000001e-19
rs6029588	20	39878620	9.972e-19
rs6016534	20	39878956	9.985e-19
rs4812490	20	39918383	1.0200000000000002e-18
rs4703646	5	74366533	1.057e-18
rs4627970	5	74528776	1.062e-18
rs1018389	20	39910104	1.072e-18
rs4810311	20	39877869	1.096e-18
rs6072310	20	39850308	1.125e-18
rs2235367	20	39830122	1.1309999999999998e-18
rs3797580	5	75003056	1.2269999999999999e-18
rs7735057	5	74403857	1.322e-18
rs6889429	5	74482183	1.341e-18
rs1422701	5	74510517	1.3569999999999998e-18
rs12710745	2	21112689	1.38e-18
rs1363579	5	74510353	1.426e-18
rs3795128	20	39774163	1.438e-18
rs892011	19	11018403	1.4480000000000001e-18
rs4704197	5	74537751	1.459e-18
rs10462354	5	74453027	1.49e-18
rs4703657	5	74461850	1.5530000000000001e-18
rs9654429	5	74466925	1.602e-18
rs9654428	5	74466884	1.6510000000000001e-18
rs7704104	5	74450278	1.6899999999999999e-18
rs6866661	5	74534372	1.722e-18
rs9654426	5	74466737	1.737e-18
rs1345704	5	74489998	1.745e-18
rs4704188	5	74482675	1.778e-18
rs12983316	19	11114352	1.7870000000000002e-18
rs2278444	19	10904700	1.79e-18
rs6898116	5	74486778	1.866e-18
rs2866372	20	39841091	1.89e-18
rs6889760	5	74503704	1.912e-18
rs2076148	20	39788855	1.918e-18
rs6072311	20	39855001	1.9190000000000003e-18
rs7735937	5	74441700	1.948e-18
rs1477933	5	74437153	1.9630000000000003e-18
rs6872475	5	74419793	1.992e-18
rs7711762	5	74461675	2.0459999999999997e-18
rs6885887	5	74497842	2.0480000000000002e-18
rs1422697	5	74445817	2.055e-18
rs4502373	2	21139470	2.1159999999999998e-18
rs6864485	5	74497984	2.126e-18
rs1477932	5	74437228	2.13e-18
rs13359143	5	74433360	2.171e-18
rs7724438	5	74395932	2.1769999999999997e-18
rs6124323	20	39794489	2.1930000000000002e-18
rs13360638	5	74433258	2.213e-18
rs1363577	5	74463185	2.2220000000000002e-18
rs6879894	5	74498164	2.325e-18
rs7724832	5	156381370	2.325e-18
rs1600074	5	74436574	2.394e-18
rs10462512	5	74387317	2.421e-18
rs6453133	5	74692776	2.429e-18
rs2076146	20	39798418	2.462e-18
rs10500212	19	19723215	2.525e-18
rs3850634	1	63050598	2.6289999999999996e-18
rs11485618	1	63094207	2.7039999999999996e-18
rs17730649	8	126465305	2.711e-18
rs12999441	2	21186107	2.878e-18
rs10789118	1	63094692	2.89e-18
rs11880628	19	10991827	2.96e-18
rs3760781	19	10947522	3.035e-18
rs6860441	5	74389799	3.047e-18
rs10188514	2	21134064	3.0489999999999997e-18
rs4345300	5	74376571	3.059e-18
rs1549926	19	11002862	3.079e-18
rs10889352	1	63099023	3.127e-18
rs4447963	5	74376309	3.1629999999999997e-18
rs1570694	1	63103217	3.333e-18
rs12042319	1	63049819	3.4689999999999998e-18
rs12653162	5	74391666	3.5470000000000005e-18
rs4621540	5	74371203	3.555e-18
rs10789119	1	63098235	3.59e-18
rs7700965	5	74356857	3.597e-18
rs6129760	20	39746403	3.909e-18
rs4389672	5	74368642	3.91e-18
rs1168013	1	62996838	3.951e-18
rs7720620	5	74366023	4.04e-18
rs108499	11	61547237	4.319e-18
rs174528	11	61543499	4.3860000000000004e-18
rs2035192	5	74407231	4.394e-18
rs17265047	19	10913354	4.448999999999999e-18
rs11208000	1	63108374	4.643e-18
rs11878377	19	10965270	4.8389999999999994e-18
rs4447960	5	74361857	5.016e-18
rs2304087	19	11107133	5.027e-18
rs7567653	2	21276962	5.1810000000000004e-18
rs6029610	20	39914745	5.24e-18
rs9293650	5	74497084	6.315e-18
rs1422698	5	74443132	6.361e-18
rs1168018	1	63001120	6.666e-18
rs3791980	2	21245329	7.51e-18
rs6016511	20	39709255	7.871e-18
rs17397826	2	21189091	8.194e-18
rs6885071	5	74460045	8.719e-18
rs10942729	5	74364300	9.238e-18
rs6896474	5	74453818	9.293e-18
rs4926670	1	55662680	9.421000000000001e-18
rs17035949	1	109820919	9.688e-18
rs2304128	19	19746151	1.022e-17
rs4587594	1	63133930	1.0240000000000001e-17
rs7254425	19	10902389	1.116e-17
rs1184865	1	62973795	1.185e-17
rs9293643	5	74365053	1.2039999999999999e-17
rs6678483	1	63074442	1.2590000000000002e-17
rs7539035	1	63106767	1.323e-17
rs174534	11	61549458	1.424e-17
rs11207997	1	63061906	1.428e-17
rs7551981	1	55719166	1.442e-17
rs11207992	1	63041800	1.4460000000000002e-17
rs1748197	1	63056112	1.458e-17
rs1748200	1	63046039	1.4610000000000002e-17
rs10889335	1	62960101	1.479e-17
rs11207990	1	63041086	1.4879999999999998e-17
rs1168099	1	63122859	1.5e-17
rs6587980	1	63090858	1.506e-17
rs10159255	1	63020816	1.535e-17
rs4518686	8	126470817	1.545e-17
rs2131925	1	63025942	1.64e-17
rs1748201	1	63045506	1.6550000000000002e-17
rs1564348	6	160578860	1.702e-17
rs11126598	2	21240364	1.7119999999999998e-17
rs10889350	1	63085266	1.733e-17
rs17393586	2	21187599	1.78e-17
rs10889353	1	63118196	1.8e-17
rs7555577	1	63034363	1.939e-17
rs10889349	1	63081919	1.948e-17
rs11208004	1	63145439	2.0800000000000003e-17
rs6675401	1	63073975	2.083e-17
rs998403	1	62928549	2.127e-17
rs12610191	19	19721976	2.1570000000000002e-17
rs11207995	1	63049551	2.1609999999999998e-17
rs1168026	1	62970996	2.183e-17
rs2029763	1	63013134	2.184e-17
rs10889347	1	63075826	2.237e-17
rs439907	2	21521973	2.511e-17
rs2307111	5	75003678	2.631e-17
rs642845	1	62908235	2.6390000000000002e-17
rs4329540	1	63027024	2.7079999999999998e-17
rs638305	1	62906537	2.7079999999999998e-17
rs1168089	1	63113719	2.742e-17
rs1168124	1	63139730	2.8310000000000004e-17
rs10493322	1	62905893	2.97e-17
rs4350231	1	62922660	2.981e-17
rs11207974	1	62949960	3.113e-17
rs1748195	1	63049593	3.17e-17
rs11577840	1	62991369	3.226e-17
rs1168086	1	63112389	3.39e-17
rs1168045	1	62982891	3.4150000000000004e-17
rs783291	1	62914978	3.418e-17
rs641540	1	62908538	3.488e-17
rs8106922	19	45401666	3.644e-17
rs10158897	1	62912919	3.723e-17
rs6864324	5	74497885	3.8229999999999995e-17
rs2075642	19	45377467	3.898e-17
rs631106	1	62901807	3.959e-17
rs1781212	1	62977419	4.277e-17
rs634341	1	62921422	4.319e-17
rs10889334	1	62957199	4.379e-17
rs1007205	1	62936912	4.7600000000000006e-17
rs10889337	1	62980607	4.801e-17
rs637723	1	62906728	4.8370000000000004e-17
rs1168030	1	62968491	4.884e-17
rs11207981	1	63006087	4.887e-17
rs630144	1	62918864	4.887e-17
rs1627591	1	62989807	4.9930000000000005e-17
rs2272021	19	45164732	5.049e-17
rs636523	1	62920008	5.164e-17
rs1168085	1	63112320	5.17e-17
rs995000	1	63107526	5.1759999999999996e-17
rs12090886	1	62981440	5.349e-17
rs583609	1	62916796	5.4079999999999996e-17
rs1168031	1	62967987	5.443e-17
rs1168032	1	62967747	5.487e-17
rs12971616	19	11014937	5.548e-17
rs10889333	1	62957030	6.010999999999999e-17
rs7717984	5	156369171	6.037e-17
rs597470	1	62917796	6.192999999999999e-17
rs1979722	1	62940097	6.245000000000001e-17
rs12713956	2	21241505	6.564999999999999e-17
rs1168022	1	63007721	7.399e-17
rs1168114	1	63156043	7.747e-17
rs754340	19	45163671	7.813e-17
rs6756629	2	44065090	7.984999999999999e-17
rs11879293	19	11072610	8.602999999999999e-17
rs1167998	1	62931632	8.622e-17
rs1002687	1	62963737	8.807000000000001e-17
rs597078	1	62917857	8.852e-17
rs1183260	1	62945418	9.292e-17
rs1168042	1	62974150	9.522000000000001e-17
rs659656	1	62912120	1.0409999999999999e-16
rs4632781	5	74376658	1.0959999999999998e-16
rs3786719	19	10927100	1.142e-16
rs10808545	8	126463365	1.156e-16
rs11753995	6	160575366	1.227e-16
rs1168036	1	62962734	1.239e-16
rs2035191	5	74413713	1.34e-16
rs612169	9	136143442	1.365e-16
rs1168041	1	62960250	1.4140000000000001e-16
rs1168023	1	63006595	1.4280000000000002e-16
rs4703674	5	74882681	1.442e-16
rs1168113	1	63156098	1.506e-16
rs880694	1	63173284	1.5160000000000001e-16
rs2160669	11	116647607	1.527e-16
rs6682423	1	63171063	1.6909999999999998e-16
rs7518497	1	63177696	1.7019999999999998e-16
rs4703645	5	74361140	1.783e-16
rs12610185	19	19721722	1.815e-16
rs1168107	1	63161173	1.857e-16
rs12136083	1	63163073	1.902e-16
rs10462511	5	74384115	1.939e-16
rs4409689	1	63177365	1.939e-16
rs6102324	20	39882406	2.0609999999999999e-16
rs1168132	1	63133468	2.065e-16
rs3923323	5	74372141	2.224e-16
rs2179372	20	39913632	2.2299999999999998e-16
rs11208007	1	63176083	2.262e-16
rs2075290	11	116653296	2.3209999999999997e-16
rs17647543	1	109964605	2.452e-16
rs6698843	1	109806834	2.6460000000000005e-16
rs9787151	1	63179138	2.711e-16
rs17646731	1	109919525	2.7269999999999997e-16
rs6016505	20	39678289	3.0339999999999996e-16
rs687621	9	136137065	3.242e-16
rs674302	9	136146664	3.67e-16
rs10460181	19	45140165	3.806e-16
rs904743	5	74917862	4.1639999999999997e-16
rs7188	19	11275139	4.461e-16
rs767676	5	74887614	4.54e-16
rs514659	9	136142203	4.6e-16
rs11085753	19	11119272	4.866000000000001e-16
rs545971	9	136143372	5.013e-16
rs3852856	19	45361574	5.307e-16
rs6589565	11	116640237	5.371000000000001e-16
rs3795131	20	39769975	5.5e-16
rs505922	9	136149229	5.593e-16
rs6093462	20	39908689	5.621e-16
rs529565	9	136149500	5.726e-16
rs687289	9	136137106	5.738e-16
rs12985368	19	45135147	6.314e-16
rs6102309	20	39856080	7.507999999999999e-16
rs12691202	2	21249716	8.333000000000001e-16
rs7700468	5	74675076	8.538e-16
rs4045166	5	74909446	8.925e-16
rs2163800	19	11075706	9.32e-16
rs557435	1	55520864	9.592e-16
rs3745157	19	45594595	1.046e-15
rs7356637	5	74683646	1.0880000000000001e-15
rs1169288	12	121416650	1.125e-15
rs11880865	19	11071148	1.139e-15
rs11220462	11	126243952	1.202e-15
rs3761743	5	74685520	1.237e-15
rs4128553	2	21147179	1.255e-15
rs11220463	11	126248211	1.325e-15
rs10455872	6	161010118	1.3560000000000001e-15
rs12975698	19	45676294	1.4369999999999999e-15
rs6102322	20	39872768	1.525e-15
rs3745150	19	45385759	1.605e-15
rs10415849	19	19505087	1.781e-15
rs10790162	11	116639104	1.835e-15
rs7709282	5	74792657	2.361e-15
rs4971538	2	21121130	2.534e-15
rs11645540	16	72028930	2.639e-15
rs8108762	19	45653227	2.659e-15
rs7935	19	11105608	2.709e-15
rs13344267	19	45137012	2.803e-15
rs4385188	5	74734362	2.834e-15
rs1169300	12	121431225	3.328e-15
rs6872314	5	74736065	3.4539999999999997e-15
rs2244608	12	121416988	3.606000000000001e-15
rs4148214	2	44079004	3.649e-15
rs6729410	2	21099871	3.665e-15
rs4927208	1	55713947	4.122999999999999e-15
rs11668104	19	19426181	4.177000000000001e-15
rs10198972	2	21453211	4.417e-15
rs8182472	19	19539891	4.425e-15
rs7251736	19	45618902	4.8450000000000004e-15
rs4927205	1	55711465	4.968e-15
rs4704231	5	74986576	5.38e-15
rs10893499	11	126241979	5.51e-15
rs10942739	5	74786083	5.6600000000000005e-15
rs1183910	12	121420807	5.7829999999999995e-15
rs516499	1	55526685	5.876e-15
rs6589564	11	116624153	5.891e-15
rs11672002	19	45624987	5.981e-15
rs753381	20	39797465	5.988e-15
rs17563686	5	74984818	6.278e-15
rs11672271	19	45619946	6.5409999999999996e-15
rs17586966	1	109955569	6.5540000000000004e-15
rs10889332	1	62950858	6.698e-15
rs2047059	5	75008193	6.802e-15
rs2464196	12	121435427	7.231999999999999e-15
rs11668386	19	19531910	7.281e-15
rs4704234	5	75001432	7.332e-15
rs2126259	8	9185146	7.434e-15
rs7951028	11	126238394	7.58e-15
rs7930786	11	116624727	8.683e-15
rs253390	5	74977661	8.694e-15
rs12921355	16	72014687	8.766e-15
rs2251468	12	121405126	9.454000000000001e-15
rs371499	2	21521971	9.847e-15
rs12977255	19	45134422	9.895e-15
rs9326246	11	116611733	9.987999999999999e-15
rs2307113	5	74998264	1.067e-14
rs3733907	5	74665860	1.116e-14
rs4440336	5	74764347	1.127e-14
rs10492825	16	72018417	1.237e-14
rs13344893	19	45138246	1.2880000000000001e-14
rs6453134	5	74717767	1.2880000000000001e-14
rs4307732	11	126244955	1.359e-14
rs391070	2	21524829	1.3999999999999999e-14
rs6662286	1	55730327	1.437e-14
rs219505	2	21518127	1.463e-14
rs6589566	11	116652423	1.524e-14
rs418451	2	21521637	1.535e-14
rs1997833	20	39690342	1.556e-14
rs626787	1	62901243	1.622e-14
rs219540	2	21532767	1.639e-14
rs2649999	12	121380544	1.67e-14
rs7940893	11	126246076	1.7e-14
rs456598	6	160538921	1.7709999999999998e-14
rs219534	2	21530882	1.785e-14
rs3923672	2	21136225	1.807e-14
rs6732011	2	21146521	1.876e-14
rs10188503	2	21134040	1.888e-14
rs412558	2	21526036	1.935e-14
rs4362515	2	21135628	1.94e-14
rs399991	2	21525477	1.995e-14
rs9987289	8	9183358	2.003e-14
rs13465	19	10802792	2.005e-14
rs7350481	11	116586283	2.019e-14
rs253392	5	74928883	2.051e-14
rs2647286	1	55716497	2.0530000000000002e-14
rs219507	2	21518693	2.104e-14
rs7369047	2	21516594	2.158e-14
rs1817869	5	74989037	2.234e-14
rs219535	2	21531099	2.3040000000000002e-14
rs3825041	11	116631707	2.422e-14
rs13396400	2	21502727	2.461e-14
rs584626	1	55523984	2.462e-14
rs3213545	12	121471337	2.501e-14
rs3761739	5	74631501	2.642e-14
rs219531	2	21528396	2.8160000000000003e-14
rs11673955	2	21134892	2.837e-14
rs10199484	2	21513546	2.847e-14
rs2650000	12	121388962	2.943e-14
rs2266788	11	116660686	2.999e-14
rs12983889	19	45133475	3.156e-14
rs10164442	2	21205563	3.1589999999999995e-14
rs2066985	11	126251286	3.403e-14
rs5744636	5	74867581	3.5410000000000004e-14
rs3923037	2	21148274	3.725e-14
rs3804231	5	74696779	3.765e-14
rs4426495	2	21143982	3.803e-14
rs4810312	20	39968707	3.88e-14
rs253388	5	74975912	3.904e-14
rs10172650	2	21205457	4.016e-14
rs423277	2	21526322	4.098e-14
rs9293652	5	74704829	4.1519999999999996e-14
rs17646665	1	109912051	4.172e-14
rs888789	5	74988369	4.345e-14
rs10515197	5	74670454	4.419e-14
rs2257764	12	121446446	4.442e-14
rs2047422	1	55711967	4.474e-14
rs3756558	5	74863041	4.594e-14
rs643257	1	55527918	4.782e-14
rs10074747	5	74923603	4.885e-14
rs2259820	12	121435342	5.0130000000000003e-14
rs5744712	5	74892002	5.2460000000000004e-14
rs10078671	5	74902848	5.2520000000000006e-14
rs17616105	19	11022159	5.3139999999999995e-14
rs219549	2	21538826	5.4289999999999995e-14
rs4604177	5	74808880	5.5e-14
rs380969	2	21522421	5.6629999999999994e-14
rs3935470	5	74352180	5.732e-14
rs3879448	1	109891423	5.762e-14
rs389795	2	21523313	5.795e-14
rs2006760	5	74562029	5.857000000000001e-14
rs9293655	5	74856142	5.951e-14
rs11065385	12	121423386	6.118e-14
rs10077427	5	74837901	6.307e-14
rs10061689	5	74771387	6.652e-14
rs219508	2	21518988	7.032000000000001e-14
rs17035630	1	109810981	7.085e-14
rs13360099	5	74781439	7.172000000000001e-14
rs12659791	5	74757758	7.484e-14
rs6453143	5	75023210	7.623e-14
rs10474437	5	74783636	7.707000000000001e-14
rs10185261	2	21515215	7.857e-14
rs603247	1	55525868	8.016e-14
rs394167	2	21524119	8.022999999999999e-14
rs6706451	2	21514905	8.172e-14
rs1165226	1	55608005	8.431e-14
rs219532	2	21528558	8.513e-14
rs6704721	2	21507500	8.832000000000001e-14
rs2075021	19	11136215	8.98e-14
rs643434	9	136142355	9.108e-14
rs6891560	5	74796757	9.112000000000001e-14
rs4704221	5	74759183	9.264e-14
rs4704229	5	74904326	9.39e-14
rs10745353	1	109877506	9.574e-14
rs5909	5	74656175	1.001e-13
rs34340	5	74932099	1.023e-13
rs17304534	19	11140703	1.101e-13
rs3761738	5	74631139	1.113e-13
rs6545385	2	21515272	1.135e-13
rs2270690	1	55672193	1.154e-13
rs6093446	20	39780932	1.23e-13
rs585131	1	55524116	1.234e-13
rs4603158	1	109879549	1.239e-13
rs648673	1	109727284	1.239e-13
rs253393	5	74929647	1.242e-13
rs2972564	19	45344458	1.263e-13
rs40059	5	74964582	1.373e-13
rs2965156	19	45188429	1.42e-13
rs6727365	2	21097962	1.449e-13
rs10745352	1	109871787	1.452e-13
rs11588151	1	55487648	1.524e-13
rs11742194	5	74646878	1.568e-13
rs5744704	5	74889642	1.572e-13
rs219533	2	21529857	1.58e-13
rs2337901	2	21537251	1.582e-13
rs11668536	19	45328476	1.632e-13
rs6984305	8	9178268	1.6399999999999998e-13
rs7536300	1	55714215	1.645e-13
rs10515198	5	74641560	1.655e-13
rs10075465	5	74970975	1.659e-13
rs540796	1	55524197	1.693e-13
rs7536204	1	55666477	1.73e-13
rs4812492	20	39938122	1.759e-13
rs983309	8	9177732	1.807e-13
rs1475701	1	55638546	1.855e-13
rs2479415	1	55498745	2.082e-13
rs11142	1	109897103	2.115e-13
rs219536	2	21531349	2.178e-13
rs2304130	19	19789528	2.211e-13
rs1541596	19	10987013	2.246e-13
rs11206538	1	55715412	2.247e-13
rs3879449	1	109904971	2.269e-13
rs17641977	1	109703430	2.292e-13
rs662799	11	116663707	2.399e-13
rs1169313	12	121442670	2.476e-13
rs12067569	1	55528629	2.518e-13
rs3903032	2	21119850	2.662e-13
rs12173076	5	74697050	2.698e-13
rs4970751	1	109896600	2.774e-13
rs1165285	1	55556428	2.861e-13
rs219543	2	21535673	2.937e-13
rs174570	11	61597212	2.945e-13
rs4915853	1	63191577	2.949e-13
rs7952602	11	126233669	3.059e-13
rs644234	9	136142217	3.254e-13
rs11085754	19	11128596	3.424e-13
rs219541	2	21532868	3.446e-13
rs4804546	19	11019994	3.45e-13
rs11206514	1	55516004	3.485e-13
rs11085749	19	10961273	3.562e-13
rs10055011	5	74798156	3.601e-13
rs2258287	12	121454313	3.63e-13
rs10858084	1	109882250	3.649e-13
rs6679002	1	63199936	3.693e-13
rs10893500	11	126250774	3.8799999999999996e-13
rs10493176	1	55538552	4.153e-13
rs602705	1	55525726	4.163e-13
rs10956248	8	126473441	4.186e-13
rs11136341	8	145043543	4.442e-13
rs979182	5	74832919	4.537e-13
rs5744545	5	74808417	4.685e-13
rs10070207	5	74745228	4.702e-13
rs10067900	5	74706661	5.084e-13
rs203709	19	45161566	5.599e-13
rs3761740	5	74632133	5.702e-13
rs10858085	1	109914983	5.723e-13
rs662138	6	160564476	5.785e-13
rs10858086	1	109915075	5.859e-13
rs219506	2	21518618	5.874e-13
rs4300790	2	21139417	6.202e-13
rs11102974	1	109886371	6.245e-13
rs1169310	12	121439433	6.357e-13
rs7251031	19	11266693	6.45e-13
rs7255066	19	45146103	6.528e-13
rs11085752	19	11065409	6.548e-13
rs425440	2	21522381	6.821e-13
rs735396	12	121438844	6.957e-13
rs4704728	5	156406608	7.264e-13
rs4970752	1	109930852	7.900000000000001e-13
rs2464195	12	121435475	8.029e-13
rs401843	2	21524976	8.165e-13
rs219510	2	21520404	8.171e-13
rs219509	2	21520243	8.435e-13
rs247616	16	56989590	9.248e-13
rs3853500	1	109864269	9.576e-13
rs2259816	12	121435587	9.663e-13
rs11746245	5	74780338	9.757e-13
rs1278286	1	109845100	1.0109999999999998e-12
rs533375	1	55523361	1.0270000000000002e-12
rs6695482	1	109870859	1.0859999999999998e-12
rs173539	16	56988044	1.103e-12
rs9436961	1	55488831	1.119e-12
rs3798221	6	160998148	1.1259999999999998e-12
rs600806	1	109840629	1.14e-12
rs2217745	2	21526862	1.159e-12
rs8055242	16	72006882	1.2009999999999998e-12
rs1880670	1	109941133	1.203e-12
rs3853501	1	109864374	1.213e-12
rs2479393	1	55488369	1.225e-12
rs1461729	8	9187242	1.2629999999999998e-12
rs4240624	8	9184231	1.272e-12
rs1800478	2	21260136	1.2869999999999999e-12
rs8106664	19	10728030	1.349e-12
rs7571647	2	21476634	1.3700000000000002e-12
rs4077440	2	44081042	1.371e-12
rs652651	1	109844532	1.371e-12
rs3768497	1	109866230	1.4790000000000003e-12
rs4841132	8	9183596	1.483e-12
rs12467767	2	21514481	1.533e-12
rs10858092	1	109943893	1.5579999999999998e-12
rs3758348	9	136239399	1.5719999999999998e-12
rs3764261	16	56993324	1.6349999999999998e-12
rs17111688	1	55626676	1.6899999999999999e-12
rs4120621	1	109949008	1.694e-12
rs11785060	8	145046662	1.6969999999999997e-12
rs10858094	1	109950858	1.7309999999999998e-12
rs4665702	2	21538345	1.8049999999999999e-12
rs2043305	19	10728320	1.8559999999999998e-12
rs7551176	1	109961965	1.8630000000000004e-12
rs10858095	1	109962642	1.866e-12
rs4148218	2	44099582	1.8780000000000003e-12
rs2385114	8	126447308	1.9559999999999997e-12
rs7515901	1	109839896	1.984e-12
rs370088	1	109858119	2.062e-12
rs17648288	5	74696638	2.067e-12
rs7715806	5	75034387	2.105e-12
rs638542	1	109845252	2.134e-12
rs3087969	19	10738639	2.212e-12
rs13356670	5	74673707	2.2490000000000002e-12
rs3931560	1	109966718	2.31e-12
rs505151	1	55529187	2.422e-12
rs443345	1	109849254	2.4870000000000002e-12
rs17562686	5	74668589	2.611e-12
rs6029638	20	39970307	2.6630000000000003e-12
rs10776807	1	109956156	2.678e-12
rs4148217	2	44099433	2.755e-12
rs2315065	6	161108144	2.821e-12
rs6892146	5	74971990	2.881e-12
rs10858091	1	109935578	3.0789999999999993e-12
rs2980879	8	126481475	3.119e-12
rs2954038	8	126507389	3.441e-12
rs17111652	1	55590465	3.5849999999999998e-12
rs12073497	1	109974450	3.634e-12
rs10858089	1	109926828	3.667e-12
rs12175867	6	161019138	3.681e-12
rs1030522	1	109900707	3.793e-12
rs5744707	5	74890618	3.8930000000000005e-12
rs444387	1	109851127	4.07e-12
rs13414987	2	21141832	4.081000000000001e-12
rs1560711	19	10742287	4.131e-12
rs6676563	1	55652983	4.194e-12
rs10745354	1	109931908	4.243999999999999e-12
rs4927193	1	55509872	4.315e-12
rs3768494	1	109935427	4.3660000000000006e-12
rs9942416	5	75037295	4.679e-12
rs219548	2	21538810	4.7089999999999994e-12
rs3768493	1	109935505	4.75e-12
rs6601299	8	9184691	4.8769999999999995e-12
rs657152	9	136139265	5.043e-12
rs1169306	12	121438311	5.1710000000000005e-12
rs1169312	12	121441461	5.337999999999999e-12
rs6926458	6	161019866	5.447e-12
rs680434	1	109842271	5.449e-12
rs4937122	11	126228659	5.462000000000001e-12
rs7832643	8	145022657	5.555999999999999e-12
rs174449	11	61640379	5.794e-12
rs3862629	11	126243505	6.749e-12
rs13202636	6	161029728	6.932000000000001e-12
rs2980888	8	126507308	6.966e-12
rs6129820	20	39974316	7.487e-12
rs2238675	19	19336608	7.707999999999999e-12
rs174616	11	61629122	7.919e-12
rs1801701	2	21228827	8.023999999999999e-12
rs174450	11	61641542	8.261000000000001e-12
rs2980880	8	126480972	8.497e-12
rs2980876	8	126481694	8.746e-12
rs514230	1	234858597	9.375999999999999e-12
rs6940254	6	161024171	9.511e-12
rs2954020	8	126481952	9.851e-12
rs2954032	8	126493392	9.988999999999999e-12
rs2980862	8	126484638	1.047e-11
rs4812488	20	39916160	1.0869999999999999e-11
rs4871598	8	126459990	1.094e-11
rs6072328	20	39913996	1.111e-11
rs12285095	11	116658031	1.1130000000000001e-11
rs11777239	8	145031265	1.127e-11
rs6129772	20	39845070	1.134e-11
rs12480916	20	39932356	1.143e-11
rs3757354	6	16127407	1.1619999999999998e-11
rs6029636	20	39969513	1.167e-11
rs11780978	8	145034852	1.1850000000000001e-11
rs3935755	8	145047187	1.1949999999999998e-11
rs2980867	8	126487691	1.2669999999999998e-11
rs9925462	16	72000195	1.3240000000000001e-11
rs6722139	2	21101382	1.358e-11
rs258494	5	75038718	1.382e-11
rs6513714	20	39916401	1.418e-11
rs1337247	1	109703023	1.4210000000000002e-11
rs7010330	8	145036615	1.451e-11
rs6072329	20	39915515	1.473e-11
rs7730516	5	75030034	1.503e-11
rs6995402	8	145005561	1.521e-11
rs6589567	11	116670676	1.566e-11
rs10515214	5	74971374	1.6589999999999998e-11
rs12720842	2	21257927	1.686e-11
rs4507059	2	21143329	1.6989999999999998e-11
rs454107	1	109794252	1.7e-11
rs17800760	19	45013959	1.744e-11
rs413380	1	109795026	1.75e-11
rs11783655	8	145037573	1.762e-11
rs6993022	8	145040108	1.8449999999999998e-11
rs10127790	1	109891133	1.8600000000000002e-11
rs4970729	1	109979202	1.8670000000000002e-11
rs2047419	1	55744167	1.987e-11
rs437444	1	109795608	2.027e-11
rs2954018	8	126477153	2.046e-11
rs1433099	19	11242658	2.052e-11
rs6029632	20	39960342	2.101e-11
rs174532	11	61548874	2.1090000000000002e-11
rs12294259	11	116637146	2.159e-11
rs11085745	19	10824915	2.2179999999999998e-11
rs2954026	8	126484526	2.2649999999999997e-11
rs6993938	8	145011204	2.2820000000000002e-11
rs6129801	20	39916437	2.288e-11
rs12272004	11	116603724	2.3239999999999995e-11
rs12679189	8	126473565	2.3249999999999997e-11
rs3768496	1	109866569	2.405e-11
rs2851682	11	61616012	2.623e-11
rs2954025	8	126484463	2.663e-11
rs749056	1	110037838	2.663e-11
rs10956249	8	126473499	2.698e-11
rs12678799	8	126470831	2.764e-11
rs9928413	16	72001110	2.889e-11
rs1933182	1	109999838	2.934e-11
rs1169286	12	121419056	2.9429999999999996e-11
rs12292921	11	116621963	3.233e-11
rs11820589	11	116633862	3.251e-11
rs4360309	8	126523523	3.335e-11
rs2954033	8	126493746	3.3420000000000006e-11
rs253409	5	74928069	3.426e-11
rs10466589	11	116611985	3.5020000000000005e-11
rs17800789	19	45015020	3.521e-11
rs2738457	19	11237269	3.5630000000000004e-11
rs2393775	12	121424574	3.662e-11
rs7310409	12	121424861	3.684e-11
rs7953249	12	121403724	3.743e-11
rs4927216	1	55744920	3.866e-11
rs2980859	8	126499429	3.873e-11
rs10178381	2	21092106	4.0630000000000006e-11
rs6664236	1	109986672	4.1390000000000005e-11
rs17800819	19	45017064	4.203e-11
rs17135399	11	126218541	4.2040000000000004e-11
rs11781511	8	9192423	4.244e-11
rs217386	7	44600695	4.2450000000000006e-11
rs6470355	8	126460535	4.285e-11
rs11823543	11	116649135	4.289e-11
rs2303875	1	109955010	4.319e-11
rs11784762	8	145009610	4.333e-11
rs2332328	14	24883058	4.413e-11
rs12286037	11	116652207	4.489e-11
rs217381	7	44606217	4.636e-11
rs10888897	1	55513061	4.6429999999999995e-11
rs12679547	8	126493085	4.79e-11
rs174626	11	61637057	4.796e-11
rs8017377	14	24883887	4.85e-11
rs217406	7	44573761	4.925e-11
rs464218	1	109856306	4.925e-11
rs6589563	11	116590787	4.947e-11
rs4970759	1	109982213	4.9709999999999996e-11
rs7770685	6	161069653	5.032e-11
rs9464867	6	16120819	5.04e-11
rs13265179	8	9194694	5.096e-11
rs1114161	5	74479238	5.2259999999999996e-11
rs4970761	1	109995398	5.358e-11
rs2854725	2	21237786	5.581e-11
rs1144593	1	110030945	5.5969999999999995e-11
rs592107	1	109848726	5.598e-11
rs2807834	1	220970593	5.621e-11
rs10488699	11	116632500	5.741e-11
rs253407	5	74926778	5.959000000000001e-11
rs17135401	11	126218773	6.148e-11
rs1422702	5	74510993	6.197000000000001e-11
rs2526678	11	61623793	6.207e-11
rs217181	16	72114002	6.352e-11
rs13258507	8	126492597	6.524e-11
rs2072183	7	44579180	6.697e-11
rs4246517	1	110007636	6.745999999999999e-11
rs9973286	19	45215711	6.96e-11
rs11679386	2	20985414	7.028e-11
rs6693932	1	110003575	7.069e-11
rs6666119	1	110040310	7.072e-11
rs217385	7	44602187	7.079000000000001e-11
rs17120029	11	116650118	7.129000000000001e-11
rs4592055	8	126486145	7.316e-11
rs1144594	1	110029475	7.676e-11
rs1874776	1	55743519	7.704000000000001e-11
rs478691	1	234847814	7.882999999999999e-11
rs4970760	1	109985439	8.154999999999999e-11
rs2039694	1	109991700	8.27e-11
rs760633	6	16128965	8.284999999999999e-11
rs2393791	12	121423956	8.457e-11
rs7518013	1	109944078	8.784e-11
rs2980878	8	126481527	8.881e-11
rs1874775	1	55743330	8.926e-11
rs12280753	11	116613660	9.384999999999999e-11
rs6029641	20	39971828	9.621e-11
rs5744667	5	74876613	9.840999999999999e-11
rs12547199	8	126459962	9.981e-11
rs12280724	11	116613423	1.0440000000000001e-10
rs1532624	16	57005479	1.06e-10
rs6573778	14	24872209	1.066e-10
rs7717355	5	74951901	1.0759999999999998e-10
rs7205804	16	57004889	1.0810000000000001e-10
rs2738466	19	11242765	1.093e-10
rs2642442	1	220973563	1.107e-10
rs2152924	1	110011701	1.156e-10
rs661955	1	234842856	1.172e-10
rs11136343	8	145058986	1.185e-10
rs7569093	2	21100540	1.193e-10
rs7828113	8	126485467	1.2250000000000002e-10
rs407102	1	109846278	1.234e-10
rs12027135	1	25775733	1.237e-10
rs4812491	20	39929608	1.272e-10
rs7759222	6	16122360	1.281e-10
rs11825181	11	116626258	1.312e-10
rs6993953	8	145000321	1.334e-10
rs7250401	19	45008553	1.383e-10
rs4970766	1	110013955	1.392e-10
rs10863565	1	220974545	1.433e-10
rs2587534	1	234849339	1.443e-10
rs9661614	1	110021837	1.4519999999999997e-10
rs2781553	1	110026989	1.4699999999999998e-10
rs6124336	20	39921146	1.4699999999999998e-10
rs10494040	1	110015732	1.557e-10
rs888786	5	74970850	1.562e-10
rs558971	1	234853406	1.568e-10
rs11508026	16	56999328	1.583e-10
rs5927	19	11233941	1.585e-10
rs4704175	5	74420422	1.5890000000000001e-10
rs13273254	8	126457553	1.591e-10
rs13265432	8	126484709	1.6309999999999998e-10
rs4970767	1	110015183	1.6490000000000002e-10
rs7846466	8	126485531	1.6569999999999998e-10
rs2738460	19	11238807	1.676e-10
rs6129804	20	39924630	1.68e-10
rs491285	1	110019002	1.754e-10
rs4072296	5	74242002	1.819e-10
rs7250536	19	45008634	1.844e-10
rs2569537	19	11240053	1.875e-10
rs6889166	5	74276269	1.8759999999999998e-10
rs17405319	8	126449406	1.937e-10
rs10903129	1	25768937	1.951e-10
rs2116899	19	11241780	1.9910000000000002e-10
rs7002152	8	145000056	2.0400000000000002e-10
rs6872586	5	74456477	2.07e-10
rs1321195	6	161084156	2.155e-10
rs2054345	8	9199305	2.164e-10
rs174591	11	61617676	2.1680000000000002e-10
rs12545963	8	126486117	2.1819999999999998e-10
rs912540	1	63135127	2.2249999999999998e-10
rs1558861	11	116607437	2.3199999999999997e-10
rs2260399	12	121469653	2.361e-10
rs6129802	20	39920014	2.399e-10
rs11206551	1	55744966	2.401e-10
rs11802413	1	25760920	2.4069999999999995e-10
rs174585	11	61611694	2.437e-10
rs2001845	8	126478644	2.477e-10
rs17406109	8	126483140	2.518e-10
rs5158	19	45447178	2.5639999999999996e-10
rs2073547	7	44582331	2.597e-10
rs4382144	5	74274675	2.633e-10
rs10045282	5	74273341	2.6719999999999997e-10
rs4332138	8	9200251	2.688e-10
rs2116897	19	11241877	2.6939999999999997e-10
rs3862628	11	126242912	2.7699999999999997e-10
rs4703658	5	74461924	2.814e-10
rs1871046	19	45351937	2.815e-10
rs17320616	8	126456376	2.8210000000000004e-10
rs2902875	1	55695535	2.83e-10
rs553427	1	234852760	2.9519999999999997e-10
rs1367210	6	161082799	2.958e-10
rs7736223	5	74265520	2.965e-10
rs2845573	11	61601908	3.0060000000000003e-10
rs783148	6	161087869	3.022e-10
rs2073824	9	136132633	3.023e-10
rs12985197	19	11035604	3.036e-10
rs7541095	1	25761291	3.0949999999999997e-10
rs4871603	8	126480367	3.096e-10
rs4703642	5	74262162	3.1489999999999997e-10
rs2235366	20	39808660	3.1689999999999996e-10
rs12460421	19	10981352	3.242e-10
rs10857787	1	110010289	3.3250000000000004e-10
rs6985603	8	145086428	3.394e-10
rs8176731	9	136132350	3.4460000000000003e-10
rs1525916	1	110010949	3.4950000000000003e-10
rs12239399	1	55719042	3.551e-10
rs17671266	5	74446552	3.608e-10
rs4490138	2	21125165	3.6749999999999997e-10
rs7015812	8	145079534	3.7190000000000003e-10
rs11779870	8	9211723	3.742e-10
rs174605	11	61626921	3.803e-10
rs34350	5	74945108	3.827e-10
rs7459603	8	145070403	3.8769999999999996e-10
rs10849829	12	121470256	3.8969999999999996e-10
rs4567057	8	126486906	3.957e-10
rs6129800	20	39914030	4.0410000000000003e-10
rs174575	11	61602003	4.079e-10
rs4392602	5	74264281	4.1460000000000005e-10
rs6890320	5	74490658	4.1910000000000003e-10
rs12136063	1	110014170	4.2450000000000003e-10
rs6129778	20	39870578	4.2910000000000005e-10
rs7262080	20	39820749	4.362e-10
rs484084	1	234857676	4.3680000000000003e-10
rs6709904	2	44080324	4.4219999999999993e-10
rs174579	11	61605613	4.4560000000000004e-10
rs11220465	11	126257779	4.4839999999999997e-10
rs11679423	2	20985455	4.5679999999999996e-10
rs2294261	6	16109163	4.618e-10
rs16872436	5	74463442	4.81e-10
rs8176720	9	136132873	5.033e-10
rs6420181	8	145081248	5.039e-10
rs9100	8	145067467	5.152e-10
rs12279373	11	116600400	5.245e-10
rs7006770	8	145000602	5.483e-10
rs11136252	8	145084493	5.68e-10
rs2288904	19	10742170	5.715e-10
rs3936211	8	145061624	5.792e-10
rs34349	5	74944868	5.856e-10
rs2088487	1	55739925	6e-10
rs6984820	8	144993324	6.017e-10
rs1800562	6	26093141	6.069e-10
rs9973305	19	45215884	6.149999999999999e-10
rs508487	11	117075566	6.248e-10
rs867772	1	220972343	6.367000000000001e-10
rs17671496	5	74499631	6.392e-10
rs7715739	5	74964107	6.466000000000001e-10
rs12994068	2	21118983	6.555e-10
rs556107	1	234853059	6.748999999999999e-10
rs12670798	7	21607352	6.877999999999999e-10
rs10260606	7	44584551	6.921000000000001e-10
rs4468779	2	21125742	7.000000000000001e-10
rs8053891	16	71997789	7.432000000000001e-10
rs253410	5	74928293	7.443999999999999e-10
rs7832646	8	145074452	7.467999999999999e-10
rs4298240	5	74382382	7.618999999999999e-10
rs2642420	1	220977650	7.644e-10
rs4704170	5	74368157	7.668e-10
rs615563	1	55526296	7.692e-10
rs9302635	16	72144174	7.867000000000001e-10
rs8180991	8	126500350	7.976e-10
rs6453116	5	74421786	7.988e-10
rs17034539	1	109747635	8.09e-10
rs10043960	5	74266343	8.186e-10
rs2277025	5	156460095	8.215999999999999e-10
rs7544735	1	220998913	8.39e-10
rs630014	9	136149722	8.426e-10
rs2479394	1	55486064	8.498e-10
rs2495504	1	55485796	8.743e-10
rs174455	11	61656117	8.797000000000001e-10
rs34339	5	74931333	8.856e-10
rs4417316	11	116652301	8.999e-10
rs13002939	2	21120901	9.243e-10
rs1998013	1	55958030	9.315e-10
rs6129786	20	39887648	9.421e-10
rs10069709	5	74269562	9.451e-10
rs11208010	1	63203221	9.562999999999999e-10
rs2259693	12	121457995	9.871e-10
rs17725246	7	44581986	1.001e-09
rs7511855	1	55713961	1.004e-09
rs11136344	8	145059425	1.0440000000000001e-09
rs10858096	1	109967104	1.048e-09
rs6102356	20	39958154	1.086e-09
rs12132819	1	220985350	1.114e-09
rs2738456	19	11236804	1.127e-09
rs512535	2	21267782	1.132e-09
rs12092541	1	62917913	1.1350000000000001e-09
rs174589	11	61615803	1.155e-09
rs12130333	1	63191777	1.166e-09
rs10047462	11	116722041	1.184e-09
rs8060878	16	72243624	1.2089999999999999e-09
rs11208008	1	63190794	1.217e-09
rs873308	1	25758655	1.246e-09
rs6129815	20	39964330	1.369e-09
rs6890143	5	74490547	1.374e-09
rs7819099	8	144992862	1.444e-09
rs2047418	1	55743099	1.484e-09
rs174611	11	61627881	1.504e-09
rs11065987	12	112072424	1.5049999999999999e-09
rs17596850	1	220992343	1.5049999999999999e-09
rs7711235	5	74540397	1.545e-09
rs2954030	8	126491304	1.601e-09
rs2642438	1	220970028	1.608e-09
rs4567059	8	126486287	1.641e-09
rs3820667	1	109968410	1.651e-09
rs12117388	1	63119256	1.683e-09
rs3184504	12	111884608	1.7300000000000002e-09
rs10774625	12	111910219	1.7810000000000002e-09
rs822928	1	234873275	1.7810000000000002e-09
rs6555822	5	156473185	1.794e-09
rs684818	1	234854779	1.835e-09
rs11206508	1	55486361	1.874e-09
rs711752	16	56996211	1.8909999999999998e-09
rs6893216	5	74442964	1.893e-09
rs6453099	5	74259550	1.897e-09
rs34344	5	74935825	1.962e-09
rs10950856	7	21603601	2.026e-09
rs1874774	1	55743297	2.033e-09
rs11782386	8	9201787	2.092e-09
rs1129555	10	113910721	2.139e-09
rs11066188	12	112610714	2.15e-09
rs9931011	16	72245185	2.163e-09
rs2255141	10	113933886	2.171e-09
rs1169302	12	121432302	2.214e-09
rs2571167	19	44947610	2.225e-09
rs5008148	7	21603678	2.243e-09
rs17630235	12	112591686	2.336e-09
rs2487294	10	113937941	2.44e-09
rs2072114	11	61605215	2.47e-09
rs10064936	5	74536723	2.552e-09
rs3764706	20	39714196	2.5779999999999996e-09
rs4374884	7	21600902	2.596e-09
rs1871045	19	45326768	2.6300000000000002e-09
rs17111859	1	55752440	2.636e-09
rs2803621	10	113939584	2.7289999999999996e-09
rs1025447	2	44022970	2.7600000000000004e-09
rs34355	5	74959970	2.784e-09
rs217373	7	44612454	2.805e-09
rs3091242	1	25674785	2.8270000000000003e-09
rs4766578	12	111904371	2.883e-09
rs2076576	20	39713352	2.935e-09
rs11153594	6	116354591	2.9459999999999995e-09
rs11206507	1	55486117	2.985e-09
rs13194714	6	116394819	2.9949999999999997e-09
rs676385	1	109705022	3e-09
rs16973520	16	71996291	3.088e-09
rs6909746	6	116352750	3.0919999999999997e-09
rs752434	16	72047170	3.097e-09
rs174593	11	61618831	3.141e-09
rs7715467	5	156468654	3.1440000000000003e-09
rs217375	7	44611077	3.1480000000000003e-09
rs13210143	6	116389636	3.206e-09
rs1393208	5	156477725	3.253e-09
rs11783641	8	9221207	3.3e-09
rs10872142	6	116369052	3.3289999999999996e-09
rs17575427	1	110049127	3.336e-09
rs12196579	6	116351724	3.338e-09
rs868943	6	116337503	3.3460000000000002e-09
rs6124309	20	39688693	3.3539999999999998e-09
rs6918059	6	116349041	3.372e-09
rs12524249	6	116368813	3.383e-09
rs10059560	5	156405784	3.4449999999999996e-09
rs1556857	6	116325559	3.4610000000000004e-09
rs10456902	6	116333742	3.467e-09
rs12214881	6	116342187	3.493e-09
rs12202181	6	116327102	3.5089999999999998e-09
rs1354163	5	156420703	3.523e-09
rs12154016	6	116355188	3.5449999999999996e-09
rs2335107	5	74451693	3.608e-09
rs7774952	6	116380909	3.638e-09
rs2161370	5	74517954	3.644e-09
rs11153592	6	116330574	3.649e-09
rs4927214	1	55742322	3.674e-09
rs12196154	6	116327471	3.689e-09
rs6896499	5	156431325	3.7119999999999996e-09
rs10466588	11	116610249	3.727e-09
rs2419604	10	113944271	3.8519999999999995e-09
rs11153593	6	116335131	3.854e-09
rs1030431	8	59311697	3.862e-09
rs6558405	8	144991176	3.867e-09
rs1871047	19	45351746	3.895e-09
rs1544155	6	116346394	3.902e-09
rs7225700	17	45391804	3.921e-09
rs11602073	11	116646858	4.011e-09
rs6455689	6	161006988	4.012e-09
rs6987702	8	126504726	4.0839999999999995e-09
rs3798228	6	116321156	4.1410000000000005e-09
rs7357361	8	9220139	4.247e-09
rs2980884	8	126474356	4.317e-09
rs12150984	19	45202027	4.339e-09
rs7096937	10	113950418	4.3540000000000005e-09
rs7745074	6	116347432	4.359e-09
rs2792751	10	113940329	4.411e-09
rs4639414	7	21589243	4.456e-09
rs6937104	6	116375302	4.465e-09
rs2803608	10	113916302	4.55e-09
rs2803619	10	113934384	4.565e-09
rs2285942	7	21582917	4.602e-09
rs4552916	8	126494764	4.663e-09
rs17650107	1	220986546	4.7039999999999995e-09
rs903319	1	220985811	4.961e-09
rs926438	1	25753638	5.04e-09
rs7809080	7	21605482	5.132e-09
rs10050384	5	156405946	5.138e-09
rs2255400	10	113936244	5.2569999999999995e-09
rs13263105	8	59325595	5.287e-09
rs16900644	8	126496775	5.3969999999999995e-09
rs2016886	8	59327730	5.404e-09
rs1501910	5	156418790	5.417e-09
rs11066028	12	112245170	5.4220000000000005e-09
rs2250802	10	113921354	5.466e-09
rs12202641	6	116314634	5.489999999999999e-09
rs12164213	8	126492448	5.506e-09
rs217376	7	44610490	5.571000000000001e-09
rs6504833	17	45396087	5.6510000000000004e-09
rs8103315	19	45254168	5.706e-09
rs7530074	1	220989266	6.0199999999999995e-09
rs174578	11	61605499	6.04e-09
rs1999929	6	116381994	6.04e-09
rs7716518	5	74264560	6.079e-09
rs312028	2	21460827	6.114e-09
rs217379	7	44607172	6.1739999999999996e-09
rs7014582	8	144990528	6.3170000000000004e-09
rs217371	7	44613103	6.3470000000000005e-09
rs11207993	1	63044464	6.461e-09
rs7765803	6	161007538	6.474999999999999e-09
rs2792735	10	113921825	6.638e-09
rs1553319	5	156479001	6.663e-09
rs7007181	8	59339279	6.668e-09
rs13277801	8	59353534	6.706999999999999e-09
rs12739506	1	55488989	6.736999999999999e-09
rs34342	5	74934213	6.766e-09
rs2297991	10	113913222	6.7859999999999995e-09
rs17696736	12	112486818	6.889e-09
rs217369	7	44615186	6.982e-09
rs1807800	10	113913552	7.0750000000000005e-09
rs4788597	16	72043039	7.436e-09
rs6124337	20	39923621	7.539e-09
rs6504872	17	45438952	7.68e-09
rs2219745	5	74506658	7.689e-09
rs11996829	8	59331282	7.791e-09
rs2169385	8	9206678	7.874e-09
rs217358	7	44622286	7.874e-09
rs10787429	10	113949664	7.893e-09
rs1993453	8	59347184	7.897999999999999e-09
rs6923877	6	160996797	8.004e-09
rs1546288	5	156430705	8.250999999999999e-09
rs11751605	6	160963230	8.366e-09
rs4788598	16	72044238	8.415e-09
rs7714420	5	74340327	8.847e-09
rs7453899	6	161010766	8.895e-09
rs6982486	8	59332694	8.919e-09
rs11583680	1	55505668	8.975999999999999e-09
rs2076575	20	39720830	9.072e-09
rs2727270	11	61603237	9.358e-09
rs881995	1	220984494	9.368e-09
rs7553447	1	220989534	9.473e-09
rs11590084	1	221040401	9.671999999999999e-09
rs12129004	1	220985515	9.758e-09
rs1942478	11	116651463	9.763e-09
rs2287998	16	72059269	9.976000000000001e-09
rs12625035	20	39664665	1.0070000000000002e-08
rs9457943	6	160995199	1.0170000000000001e-08
rs1800775	16	56995236	1.0249999999999999e-08
rs17031494	2	44004099	1.034e-08
rs6124314	20	39715217	1.046e-08
rs7721033	5	156432523	1.0469999999999999e-08
rs174574	11	61600342	1.0520000000000001e-08
rs6870053	5	74276566	1.057e-08
rs10054860	5	74446804	1.063e-08
rs12201275	6	116314563	1.065e-08
rs10474431	5	74477850	1.08e-08
rs16872459	5	74493164	1.091e-08
rs2902941	20	39091514	1.1079999999999999e-08
rs10419669	19	45298069	1.115e-08
rs983812	8	59384181	1.1979999999999999e-08
rs650985	1	110201580	1.212e-08
rs6455688	6	160996327	1.22e-08
rs9939224	16	57002732	1.2209999999999998e-08
rs11066301	12	112871372	1.23e-08
rs9457946	6	161012749	1.242e-08
rs11650072	17	45393665	1.248e-08
rs2524299	11	61604782	1.25e-08
rs17120035	11	116663851	1.2670000000000002e-08
rs8043723	16	72248088	1.284e-08
rs9355295	6	161003265	1.284e-08
rs10515200	5	74487714	1.306e-08
rs6129750	20	39703025	1.3130000000000002e-08
rs10495152	1	220990355	1.3159999999999998e-08
rs2287999	16	72059149	1.32e-08
rs6558406	8	144992103	1.328e-08
rs7826120	8	59371725	1.337e-08
rs9804646	11	116665079	1.3430000000000002e-08
rs2326077	8	59385919	1.3619999999999999e-08
rs6985620	8	59370159	1.3840000000000002e-08
rs1887552	1	55487634	1.4099999999999999e-08
rs7765781	6	161007496	1.423e-08
rs17406270	1	55769435	1.4290000000000001e-08
rs10410	1	109822404	1.4350000000000001e-08
rs1501909	5	156466179	1.4609999999999998e-08
rs4738679	8	59370320	1.4709999999999999e-08
rs7206971	17	45425115	1.5019999999999998e-08
rs11066320	12	112906415	1.52e-08
rs174597	11	61621040	1.555e-08
rs2902940	20	39091487	1.5730000000000003e-08
rs568052	1	55524842	1.574e-08
rs6471717	8	59377357	1.588e-08
rs7771801	6	161008115	1.6710000000000002e-08
rs4298239	5	74382081	1.695e-08
rs2081687	8	59388565	1.697e-08
rs926054	19	44952066	1.769e-08
rs330093	8	9175958	1.7819999999999997e-08
rs2235362	20	39744419	1.8440000000000002e-08
rs11772101	7	21601444	1.8840000000000002e-08
rs7549963	1	220988260	1.885e-08
rs4350001	8	126494562	1.8940000000000003e-08
rs6129784	20	39885529	1.9330000000000002e-08
rs2902128	5	156421347	1.946e-08
rs11600380	11	116670182	1.97e-08
rs10038271	5	156470401	1.996e-08
rs207135	1	55814244	2.0049999999999998e-08
rs17008917	1	221011317	2.056e-08
rs11581665	1	109910013	2.0569999999999998e-08
rs531593	2	21348574	2.064e-08
rs4803766	19	45371168	2.074e-08
rs2495500	1	55487668	2.08e-08
rs13027175	2	20932743	2.093e-08
rs6016501	20	39640879	2.137e-08
rs2792744	10	113902418	2.2210000000000002e-08
rs648997	12	111976776	2.2319999999999997e-08
rs1393209	5	156477540	2.246e-08
rs419010	19	45368320	2.253e-08
rs9297994	8	59392324	2.286e-08
rs13008369	2	21100438	2.296e-08
rs4738684	8	59393273	2.307e-08
rs7706978	5	156432566	2.3189999999999998e-08
rs6555787	5	156433699	2.33e-08
rs10036890	5	156433651	2.3399999999999998e-08
rs6873053	5	156376703	2.4060000000000002e-08
rs2727271	11	61603358	2.451e-08
rs6989280	8	126508746	2.472e-08
rs2289494	19	45186965	2.48e-08
rs11750595	5	74963600	2.496e-08
rs2102151	5	156432018	2.7310000000000004e-08
rs11783515	8	59320389	2.7910000000000003e-08
rs1494369	1	221008319	2.801e-08
rs593226	12	111993886	2.803e-08
rs10504255	8	59398461	2.8039999999999998e-08
rs4131228	2	44058119	2.8560000000000002e-08
rs3745148	19	44988716	2.89e-08
rs10107182	8	59392737	2.945e-08
rs1000410	20	39634366	2.946e-08
rs174468	11	61663691	3.0630000000000004e-08
rs17054137	5	156472930	3.069e-08
rs2134230	5	156456957	3.109e-08
rs7216112	17	45406345	3.109e-08
rs17563395	5	74962242	3.113e-08
rs2288002	16	72057282	3.233e-08
rs710887	7	44709372	3.287e-08
rs253387	5	74975268	3.2930000000000004e-08
rs7700719	5	74291869	3.2960000000000005e-08
rs2270926	5	156469783	3.299e-08
rs892115	19	11263650	3.4e-08
rs11216137	11	116669828	3.448e-08
rs9488822	6	116312893	3.466e-08
rs207145	1	55808143	3.497e-08
rs2031373	1	63083289	3.529e-08
rs207136	1	55814164	3.6189999999999995e-08
rs4788454	16	72037206	3.623e-08
rs17008806	1	220976257	3.751e-08
rs6413458	2	21231592	3.766e-08
rs10056022	5	74969415	3.808e-08
rs4555772	5	74302658	3.817e-08
rs2254537	10	113917085	3.819e-08
rs7004769	8	9187595	3.833e-08
rs17347726	19	44934842	3.913e-08
rs3819578	19	19288960	3.959e-08
rs2327951	6	16195308	4.059e-08
rs2288000	16	72058881	4.067e-08
rs7218813	17	45394752	4.0750000000000004e-08
rs6867482	5	74280980	4.0869999999999995e-08
rs487738	1	234840803	4.095e-08
rs1149175	1	109922377	4.133999999999999e-08
rs4767284	12	112440731	4.1879999999999995e-08
rs9911944	17	45498937	4.204e-08
rs7731951	5	156449685	4.3449999999999995e-08
rs16872430	5	74446509	4.347e-08
rs11076175	16	57006378	4.3580000000000004e-08
rs1422700	5	74510023	4.36e-08
rs6124331	20	39849663	4.362e-08
rs12452315	17	45479446	4.366000000000001e-08
rs1864163	16	56997233	4.374e-08
rs2878404	16	72045186	4.42e-08
rs6129774	20	39862471	4.4249999999999996e-08
rs6124325	20	39816385	4.5010000000000004e-08
rs6499557	16	72082654	4.513999999999999e-08
rs1494368	1	221004168	4.551e-08
rs760114	19	45464963	4.6739999999999994e-08
rs7707445	5	156449748	4.743e-08
rs2271803	17	45400908	4.825e-08
rs3798236	6	116309649	4.833e-08
rs7706174	5	156475398	4.866000000000001e-08
rs16872776	5	74987991	4.968e-08
